                             ╔══════════════════════╗
                             ║        SCREEN        ║
                             ╚══════════════════════╝

              A   [01][02]   [03][04][05][06][07][08]    [09][10]

              B   [01][02]   [03][04][05][06][07][08]    [09][10]

              C   [01][02]   [03][04][05][06][07][08]    [09][10]

              D   [01][02]   [03][04][05][06][07][08]    [09][10]

              E   [01][02]   [03][04][05][06][07][08]    [09][10]

              F   [01][02]   [03][04][05][06][07][08]    [09][10]

              G   [01][02]   [03][04][05][06][07][08]    [09][10]

              H   [01][02]   [03][04][05][06][07][08]    [09][10]

                        ← EXIT                     EXIT →
